var data = function() {
  console.log("here");
  var d = [{
      "currentFrameRate": 114.619,
      "devices": [],
      "gestures": [],
      "hands": [{
        "armBasis": [
          [0.99379, -0.0717099, -0.0850881],
          [0.0949504, 0.945196, 0.312392],
          [0.0580233, -0.318531, 0.946135]
        ],
        "armWidth": 61.622,
        "confidence": 0.0988587,
        "direction": [0.0810718, 0.175186, -0.981192],
        "elbow": [23.1093, 32.8098, 441.099],
        "grabStrength": 0.066909,
        "id": 147,
        "palmNormal": [-0.106703, -0.977249, -0.183299],
        "palmPosition": [4.44148, 121.929, 141.602],
        "palmVelocity": [2.49007, -4.96719, 1.64631],
        "palmWidth": 87.9942,
        "pinchStrength": 0.331041,
        "r": [
          [0.999997, -0.00223419, -0.00115079],
          [0.00223179, 0.999995, -0.00208414],
          [0.00115544, 0.00208156, 0.999997]
        ],
        "s": 0.999365,
        "sphereCenter": [27.3264, 89.8732, 104.943],
        "sphereRadius": 60.2824,
        "stabilizedPalmPosition": [4.31069, 122.11, 141.535],
        "t": [0.114395, -0.110386, 0.0463044],
        "timeVisible": 0.026066,
        "type": "right",
        "wrist": [7.9588, 115.981, 194.054]
      }],
      "id": 237287,
      "interactionBox": {
        "center": [0, 200, 0],
        "size": [235.247, 235.247, 147.751]
      },
      "pointables": [{
        "bases": [
          [
            [0.510026, 0.860153, -0.00315602],
            [-0.781455, 0.464889, 0.41618],
            [0.359446, -0.209796, 0.909277]
          ],
          [
            [0.443079, 0.883075, -0.154466],
            [-0.742506, 0.458041, 0.488756],
            [0.50236, -0.101865, 0.858637]
          ],
          [
            [0.443079, 0.883075, -0.154466],
            [-0.890983, 0.452831, 0.0330679],
            [0.0991484, 0.122975, 0.987445]
          ],
          [
            [0.443079, 0.883075, -0.154466],
            [-0.852504, 0.361736, -0.377339],
            [-0.277342, 0.298874, 0.913102]
          ]
        ],
        "btipPosition": [-41.9878, 102.589, 99.0422],
        "carpPosition": [-20.7447, 108.491, 193.717],
        "dipPosition": [-48.2649, 109.354, 119.709],
        "direction": [-0.0991484, -0.122975, -0.987445],
        "extended": true,
        "handId": 147,
        "id": 1470,
        "length": 50.4005,
        "mcpPosition": [-20.7447, 108.491, 193.717],
        "pipPosition": [-44.9957, 113.408, 152.268],
        "stabilizedTipPosition": [-43.1849, 103.979, 103.579],
        "timeVisible": 0.026066,
        "tipPosition": [-43.3904, 104.052, 103.85],
        "tipVelocity": [-7.25189, 5.85641, 4.67306],
        "tool": false,
        "touchDistance": 1,
        "touchZone": "none",
        "type": 0,
        "width": 19.5833
      }, {
        "bases": [
          [
            [0.990524, -0.0884452, -0.105069],
            [0.0926961, 0.995033, 0.036279],
            [0.101338, -0.0456747, 0.993803]
          ],
          [
            [0.988085, -0.0964227, 0.119963],
            [0.0575127, 0.954284, 0.293318],
            [-0.142761, -0.282923, 0.948459]
          ],
          [
            [0.988085, -0.0964227, 0.119963],
            [0.153832, 0.643637, -0.749711],
            [-0.00492336, 0.759232, 0.650801]
          ],
          [
            [0.988085, -0.0964227, 0.119963],
            [0.0866506, -0.295665, -0.951354],
            [0.127201, 0.950413, -0.283787]
          ]
        ],
        "btipPosition": [-13.4238, 109.405, 66.8661],
        "carpPosition": [-10.1586, 127.851, 187.502],
        "dipPosition": [-11.3221, 125.108, 62.1771],
        "direction": [0.00492336, -0.759232, -0.650801],
        "extended": false,
        "handId": 147,
        "id": 1471,
        "length": 56.8713,
        "mcpPosition": [-17.3686, 131.1, 116.796],
        "pipPosition": [-11.4372, 142.855, 77.3893],
        "stabilizedTipPosition": [-12.3894, 115.408, 65.0166],
        "timeVisible": 0.026066,
        "tipPosition": [-12.8219, 113.595, 65.6279],
        "tipVelocity": [-17.3597, -75.7618, 23.7717],
        "tool": false,
        "touchDistance": 1,
        "touchZone": "none",
        "type": 1,
        "width": 18.7059
      }, {
        "bases": [
          [
            [0.964696, -0.262127, 0.0255286],
            [0.261024, 0.964511, 0.0398035],
            [-0.0350563, -0.0317347, 0.998881]
          ],
          [
            [0.959184, -0.263787, 0.101895],
            [0.263703, 0.964494, 0.0145372],
            [-0.102112, 0.0129262, 0.994689]
          ],
          [
            [0.959184, -0.263787, 0.101895],
            [0.281662, 0.859151, -0.427231],
            [0.0251548, 0.438493, 0.898383]
          ],
          [
            [0.959184, -0.263787, 0.101895],
            [0.254209, 0.646503, -0.719313],
            [0.12387, 0.715856, 0.687172]
          ]
        ],
        "btipPosition": [5.78657, 104.943, 34.803],
        "carpPosition": [1.6044, 128.473, 185.758],
        "dipPosition": [8.0377, 117.953, 47.2911],
        "direction": [-0.0251548, -0.438493, -0.898383],
        "extended": true,
        "handId": 147,
        "id": 1472,
        "length": 64.8003,
        "mcpPosition": [3.96968, 130.614, 118.363],
        "pipPosition": [8.72946, 130.012, 71.9968],
        "stabilizedTipPosition": [5.70709, 109.516, 37.7707],
        "timeVisible": 0.026066,
        "tipPosition": [6.00502, 108.157, 37.7679],
        "tipVelocity": [21.4895, -52.0249, -10.2238],
        "tool": false,
        "touchDistance": 1,
        "touchZone": "none",
        "type": 2,
        "width": 18.3717
      }, {
        "bases": [
          [
            [0.926582, -0.335898, 0.16917],
            [0.328029, 0.941816, 0.0733476],
            [-0.183965, -0.0124697, 0.982854]
          ],
          [
            [0.931215, -0.335439, 0.142547],
            [0.335461, 0.941733, 0.0246029],
            [-0.142493, 0.0249083, 0.989482]
          ],
          [
            [0.931215, -0.335439, 0.142547],
            [0.364201, 0.841363, -0.399332],
            [0.0140179, 0.423779, 0.905657]
          ],
          [
            [0.931215, -0.335439, 0.142547],
            [0.337794, 0.647438, -0.683168],
            [0.136871, 0.684328, 0.716214]
          ]
        ],
        "btipPosition": [27.7168, 102.2, 45.8054],
        "carpPosition": [13.2644, 126.239, 185.302],
        "dipPosition": [30.1899, 114.565, 58.7466],
        "direction": [-0.0140179, -0.423779, -0.905657],
        "extended": true,
        "handId": 147,
        "id": 1473,
        "length": 62.3072,
        "mcpPosition": [24.4085, 126.994, 125.763],
        "pipPosition": [30.5655, 125.918, 83.009],
        "stabilizedTipPosition": [28.5788, 106.097, 48.5597],
        "timeVisible": 0.026066,
        "tipPosition": [28.2796, 105.053, 48.7501],
        "tipVelocity": [-10.5589, -36.2634, 11.7226],
        "tool": false,
        "touchDistance": 1,
        "touchZone": "none",
        "type": 3,
        "width": 17.4819
      }, {
        "bases": [
          [
            [0.83204, -0.486051, 0.267328],
            [0.450603, 0.873279, 0.18531],
            [-0.323522, -0.0337262, 0.945619]
          ],
          [
            [0.848635, -0.483447, 0.214703],
            [0.333076, 0.803675, 0.493119],
            [-0.410948, -0.346966, 0.843052]
          ],
          [
            [0.848635, -0.483447, 0.214703],
            [0.518219, 0.678368, -0.520832],
            [0.106147, 0.55326, 0.826218]
          ],
          [
            [0.848635, -0.483447, 0.214703],
            [0.205308, -0.0730407, -0.975968],
            [0.487511, 0.872321, 0.0372707]
          ]
        ],
        "btipPosition": [45.7584, 106.155, 88.7889],
        "carpPosition": [23.6984, 117.405, 186.893],
        "dipPosition": [53.8849, 120.696, 89.4102],
        "direction": [-0.106147, -0.55326, -0.826218],
        "extended": true,
        "handId": 147,
        "id": 1474,
        "length": 48.8477,
        "mcpPosition": [41.8402, 119.296, 133.866],
        "pipPosition": [55.8926, 131.161, 105.038],
        "stabilizedTipPosition": [48.2148, 111.016, 88.8451],
        "timeVisible": 0.026066,
        "tipPosition": [47.785, 109.724, 88.9127],
        "tipVelocity": [-19.476, -45.6079, 3.48413],
        "tool": false,
        "touchDistance": 1,
        "touchZone": "none",
        "type": 4,
        "width": 15.5288
      }],
      "r": [
        [0.999997, -0.00223419, -0.00115079],
        [0.00223179, 0.999995, -0.00208414],
        [0.00115544, 0.00208156, 0.999997]
      ],
      "s": 0.999365,
      "t": [0.114395, -0.110386, 0.0463044],
      "timestamp": 1508978162278922
    },
    {
      "currentFrameRate": 114.844,
      "devices": [],
      "gestures": [],
      "hands": [{
        "armBasis": [
          [0.990755, -0.0969785, -0.0948638],
          [0.121124, 0.947286, 0.29661],
          [0.0610984, -0.305358, 0.950275]
        ],
        "armWidth": 61.622,
        "confidence": 0.284174,
        "direction": [0.0833175, 0.182699, -0.979632],
        "elbow": [23.1493, 32.5044, 441.956],
        "grabStrength": 0.0792059,
        "id": 147,
        "palmNormal": [-0.13083, -0.972536, -0.192503],
        "palmPosition": [3.71778, 118.778, 141.446],
        "palmVelocity": [-7.00657, -60.2026, -4.33227],
        "palmWidth": 87.9942,
        "pinchStrength": 0.359964,
        "r": [
          [0.999819, -0.0188683, -0.00257161],
          [0.0188583, 0.999815, -0.00386232],
          [0.00264401, 0.00381312, 0.999989]
        ],
        "s": 0.990395,
        "sphereCenter": [26.686, 78.6708, 104.751],
        "sphereRadius": 64.2936,
        "stabilizedPalmPosition": [4.29014, 122.021, 141.536],
        "t": [-0.564289, -2.68263, -0.0186025],
        "timeVisible": 0.077958,
        "type": "right",
        "wrist": [7.1959, 112.237, 193.83]
      }],
      "id": 237293,
      "interactionBox": {
        "center": [0, 200, 0],
        "size": [235.247, 235.247, 147.751]
      },
      "pointables": [{
        "bases": [
          [
            [0.530803, 0.847486, 0.00400935],
            [-0.769061, 0.479685, 0.42243],
            [0.356081, -0.227311, 0.906387]
          ],
          [
            [0.468259, 0.872675, -0.138458],
            [-0.73506, 0.471689, 0.487028],
            [0.490327, -0.12628, 0.862342]
          ],
          [
            [0.468259, 0.872675, -0.138458],
            [-0.87951, 0.475381, 0.0217732],
            [0.0848215, 0.11158, 0.990129]
          ],
          [
            [0.468259, 0.872675, -0.138458],
            [-0.852655, 0.405182, -0.329858],
            [-0.231758, 0.272517, 0.933822]
          ]
        ],
        "btipPosition": [-42.9036, 101.699, 98.0744],
        "carpPosition": [-21.6821, 105.45, 193.486],
        "dipPosition": [-48.149, 107.867, 119.21],
        "direction": [-0.0848215, -0.11158, -0.990129],
        "extended": false,
        "handId": 147,
        "id": 1470,
        "length": 50.4005,
        "mcpPosition": [-21.6821, 105.45, 193.486],
        "pipPosition": [-45.3521, 111.546, 151.857],
        "stabilizedTipPosition": [-43.1934, 103.975, 103.576],
        "timeVisible": 0.077958,
        "tipPosition": [-44.2614, 102.852, 103.212],
        "tipVelocity": [-10.4498, -19.1613, -16.0683],
        "tool": false,
        "touchDistance": 1,
        "touchZone": "none",
        "type": 0,
        "width": 19.5833
      }, {
        "bases": [
          [
            [0.987862, -0.111481, -0.108166],
            [0.116961, 0.992085, 0.0456941],
            [0.102216, -0.0577907, 0.993082]
          ],
          [
            [0.986632, -0.121329, 0.108797],
            [0.0956318, 0.971631, 0.216307],
            [-0.131955, -0.20301, 0.970245]
          ],
          [
            [0.986632, -0.121329, 0.108797],
            [0.161037, 0.623484, -0.765071],
            [0.0249919, 0.772364, 0.634688]
          ],
          [
            [0.986632, -0.121329, 0.108797],
            [0.0764171, -0.245216, -0.966452],
            [0.143938, 0.961846, -0.232667]
          ]
        ],
        "btipPosition": [-15.393, 103.206, 65.4763],
        "carpPosition": [-10.6405, 124.606, 187.434],
        "dipPosition": [-13.0147, 119.099, 61.6319],
        "direction": [-0.0249919, -0.772364, -0.634688],
        "extended": false,
        "handId": 147,
        "id": 1471,
        "length": 56.8713,
        "mcpPosition": [-17.913, 128.718, 116.779],
        "pipPosition": [-12.4305, 137.152, 76.4675],
        "stabilizedTipPosition": [-12.6508, 114.483, 65.0367],
        "timeVisible": 0.077958,
        "tipPosition": [-14.6037, 108.142, 64.8866],
        "tipVelocity": [-32.0099, -106.277, -24.6356],
        "tool": false,
        "touchDistance": 1,
        "touchZone": "none",
        "type": 1,
        "width": 18.7059
      }, {
        "bases": [
          [
            [0.95808, -0.285746, 0.0208029],
            [0.284503, 0.957446, 0.0485413],
            [-0.0337881, -0.0405879, 0.998605]
          ],
          [
            [0.950844, -0.288275, 0.113106],
            [0.288273, 0.957402, 0.016731],
            [-0.113111, 0.0166968, 0.993442]
          ],
          [
            [0.950844, -0.288275, 0.113106],
            [0.308628, 0.852241, -0.422415],
            [0.0253785, 0.436559, 0.899318]
          ],
          [
            [0.950844, -0.288275, 0.113106],
            [0.279734, 0.642913, -0.71303],
            [0.132832, 0.70962, 0.691951]
          ]
        ],
        "btipPosition": [5.57087, 102.018, 34.6787],
        "carpPosition": [1.13058, 124.959, 185.67],
        "dipPosition": [7.98486, 114.914, 47.2537],
        "direction": [-0.0253785, -0.436559, -0.899318],
        "extended": true,
        "handId": 147,
        "id": 1472,
        "length": 64.8003,
        "mcpPosition": [3.41029, 127.698, 118.293],
        "pipPosition": [8.68277, 126.919, 71.9851],
        "stabilizedTipPosition": [5.74584, 109.287, 37.7683],
        "timeVisible": 0.077958,
        "tipPosition": [5.60224, 105.368, 37.5807],
        "tipVelocity": [-4.94092, -48.0101, -7.31942],
        "tool": false,
        "touchDistance": 1,
        "touchZone": "none",
        "type": 2,
        "width": 18.3717
      }, {
        "bases": [
          [
            [0.918474, -0.359962, 0.16381],
            [0.351004, 0.932802, 0.0817121],
            [-0.182216, -0.0175524, 0.983102]
          ],
          [
            [0.922978, -0.359371, 0.137714],
            [0.355778, 0.933192, 0.0507331],
            [-0.146746, 0.00217012, 0.989172]
          ],
          [
            [0.922978, -0.359371, 0.137714],
            [0.384244, 0.840354, -0.382312],
            [0.021663, 0.405781, 0.913714]
          ],
          [
            [0.922978, -0.359371, 0.137714],
            [0.352838, 0.647273, -0.67568],
            [0.153681, 0.672228, 0.724218]
          ]
        ],
        "btipPosition": [26.7535, 100.399, 45.3068],
        "carpPosition": [12.7318, 122.447, 185.166],
        "dipPosition": [29.5303, 112.545, 58.3926],
        "direction": [-0.021663, -0.405781, -0.913714],
        "extended": true,
        "handId": 147,
        "id": 1473,
        "length": 62.3072,
        "mcpPosition": [23.77, 123.51, 125.612],
        "pipPosition": [30.1107, 123.416, 82.8709],
        "stabilizedTipPosition": [28.5507, 106.018, 48.5616],
        "timeVisible": 0.077958,
        "tipPosition": [27.2513, 102.892, 48.3298],
        "tipVelocity": [-17.7253, -32.7077, -10.3796],
        "tool": false,
        "touchDistance": 1,
        "touchZone": "none",
        "type": 3,
        "width": 17.4819
      }, {
        "bases": [
          [
            [0.820505, -0.508719, 0.260725],
            [0.472101, 0.860219, 0.192727],
            [-0.322324, -0.0350456, 0.94598]
          ],
          [
            [0.838731, -0.505611, 0.202207],
            [0.381685, 0.8107, 0.44394],
            [-0.38839, -0.295167, 0.872943]
          ],
          [
            [0.838731, -0.505611, 0.202207],
            [0.522187, 0.641476, -0.561987],
            [0.154436, 0.576946, 0.802049]
          ],
          [
            [0.838731, -0.505611, 0.202207],
            [0.182026, -0.0896528, -0.979198],
            [0.513222, 0.858091, 0.0168398]
          ]
        ],
        "btipPosition": [42.8304, 100.188, 88.2985],
        "carpPosition": [22.9509, 113.346, 186.647],
        "dipPosition": [51.3855, 114.492, 88.5792],
        "direction": [-0.154436, -0.576946, -0.802049],
        "extended": false,
        "handId": 147,
        "id": 1474,
        "length": 48.8477,
        "mcpPosition": [41.0256, 115.312, 133.6],
        "pipPosition": [54.3066, 125.405, 103.75],
        "stabilizedTipPosition": [47.9081, 110.346, 88.8328],
        "timeVisible": 0.077958,
        "tipPosition": [45.3324, 104.227, 88.4597],
        "tipVelocity": [-45.6413, -101.972, -16.8855],
        "tool": false,
        "touchDistance": 1,
        "touchZone": "none",
        "type": 4,
        "width": 15.5288
      }],
      "r": [
        [0.999819, -0.0188683, -0.00257161],
        [0.0188583, 0.999815, -0.00386232],
        [0.00264401, 0.00381312, 0.999989]
      ],
      "s": 0.990395,
      "t": [-0.564289, -2.68263, -0.0186025],
      "timestamp": 1508978162330814
    },
    {
      "currentFrameRate": 115.004,
      "devices": [],
      "gestures": [],
      "hands": [{
        "armBasis": [
          [0.99033, -0.0981781, -0.0980193],
          [0.122251, 0.951588, 0.282019],
          [0.0655859, -0.291275, 0.954388]
        ],
        "armWidth": 61.622,
        "confidence": 0.438899,
        "direction": [0.088876, 0.203704, -0.97499],
        "elbow": [23.1783, 32.4274, 441.946],
        "grabStrength": 0.104757,
        "id": 147,
        "palmNormal": [-0.128813, -0.968293, -0.214047],
        "palmPosition": [2.87531, 116.141, 140.494],
        "palmVelocity": [-17.3372, -36.3408, -13.3356],
        "palmWidth": 87.9942,
        "pinchStrength": 0.329529,
        "r": [
          [0.99956, -0.0294514, -0.00360472],
          [0.0295021, 0.999453, 0.0149284],
          [0.00316309, -0.0150281, 0.999882]
        ],
        "s": 0.971233,
        "sphereCenter": [26.6528, 66.3377, 103.369],
        "sphereRadius": 70.8391,
        "stabilizedPalmPosition": [4.1596, 121.29, 141.436],
        "t": [-1.26709, -5.74822, -0.931733],
        "timeVisible": 0.138675,
        "type": "right",
        "wrist": [6.05311, 108.482, 192.745]
      }],
      "id": 237300,
      "interactionBox": {
        "center": [0, 200, 0],
        "size": [235.247, 235.247, 147.751]
      },
      "pointables": [{
        "bases": [
          [
            [0.529996, 0.847624, 0.0252675],
            [-0.771955, 0.469921, 0.428087],
            [0.350983, -0.24639, 0.903384]
          ],
          [
            [0.467437, 0.876019, -0.118712],
            [-0.753824, 0.465129, 0.464117],
            [0.461792, -0.127458, 0.877783]
          ],
          [
            [0.467437, 0.876019, -0.118712],
            [-0.8832, 0.468574, -0.0198881],
            [0.0382031, 0.114143, 0.99273]
          ],
          [
            [0.467437, 0.876019, -0.118712],
            [-0.864734, 0.425194, -0.267293],
            [-0.183678, 0.227597, 0.956275]
          ]
        ],
        "btipPosition": [-42.2112, 98.92, 95.3361],
        "carpPosition": [-22.8161, 101.682, 192.087],
        "dipPosition": [-46.3684, 104.071, 116.98],
        "direction": [-0.0382031, -0.114143, -0.992729],
        "extended": false,
        "handId": 147,
        "id": 1470,
        "length": 50.4005,
        "mcpPosition": [-22.8161, 101.682, 192.087],
        "pipPosition": [-45.1087, 107.835, 149.713],
        "stabilizedTipPosition": [-43.2049, 103.932, 103.538],
        "timeVisible": 0.138675,
        "tipPosition": [-43.7224, 100.324, 100.812],
        "tipVelocity": [23.3992, -55.6717, -43.2238],
        "tool": false,
        "touchDistance": 0.808872,
        "touchZone": "hovering",
        "type": 0,
        "width": 19.5833
      }, {
        "bases": [
          [
            [0.988579, -0.10836, -0.104734],
            [0.115785, 0.99097, 0.0676113],
            [0.0964616, -0.0789657, 0.992199]
          ],
          [
            [0.987081, -0.122386, 0.103409],
            [0.101943, 0.977634, 0.183958],
            [-0.12361, -0.171039, 0.97748]
          ],
          [
            [0.987081, -0.122386, 0.103409],
            [0.159474, 0.688054, -0.70792],
            [0.0154886, 0.715265, 0.698682]
          ],
          [
            [0.987081, -0.122386, 0.103409],
            [0.0983087, -0.0470181, -0.994045],
            [0.126519, 0.991368, -0.0343791]
          ]
        ],
        "btipPosition": [-15.9367, 100.597, 59.5438],
        "carpPosition": [-11.7569, 120.972, 186.512],
        "dipPosition": [-13.8462, 116.977, 58.9757],
        "direction": [-0.0154886, -0.715265, -0.698682],
        "extended": false,
        "handId": 147,
        "id": 1471,
        "length": 56.8713,
        "mcpPosition": [-18.6199, 126.59, 115.919],
        "pipPosition": [-13.4842, 133.696, 75.3071],
        "stabilizedTipPosition": [-13.4053, 111.852, 64.456],
        "timeVisible": 0.138675,
        "tipPosition": [-15.3254, 105.319, 60.6731],
        "tipVelocity": [-6.42305, -33.0777, -115.405],
        "tool": false,
        "touchDistance": 0.663753,
        "touchZone": "hovering",
        "type": 1,
        "width": 18.7059
      }, {
        "bases": [
          [
            [0.958202, -0.28537, 0.0202978],
            [0.283339, 0.95641, 0.0706986],
            [-0.0395883, -0.0619924, 0.997291]
          ],
          [
            [0.949331, -0.290166, 0.120723],
            [0.287076, 0.956959, 0.0426309],
            [-0.127897, -0.00581434, 0.99177]
          ],
          [
            [0.949331, -0.290166, 0.120723],
            [0.313848, 0.855229, -0.41241],
            [0.0164219, 0.429403, 0.902964]
          ],
          [
            [0.949331, -0.290166, 0.120723],
            [0.286171, 0.639332, -0.713695],
            [0.129908, 0.712081, 0.689975]
          ]
        ],
        "btipPosition": [5.84427, 101.076, 33.9353],
        "carpPosition": [0.0239768, 121.372, 184.824],
        "dipPosition": [8.20513, 114.017, 46.4744],
        "direction": [-0.0164219, -0.429403, -0.902964],
        "extended": true,
        "handId": 147,
        "id": 1472,
        "length": 64.8003,
        "mcpPosition": [2.69503, 125.554, 117.536],
        "pipPosition": [8.65673, 125.826, 71.3061],
        "stabilizedTipPosition": [5.78657, 108.797, 37.7003],
        "timeVisible": 0.138675,
        "tipPosition": [5.85989, 104.487, 36.687],
        "tipVelocity": [6.15659, -15.7338, -9.73902],
        "tool": false,
        "touchDistance": 0.651569,
        "touchZone": "hovering",
        "type": 2,
        "width": 18.3717
      }, {
        "bases": [
          [
            [0.917829, -0.362664, 0.161448],
            [0.349668, 0.931114, 0.103724],
            [-0.187944, -0.0387471, 0.981415]
          ],
          [
            [0.92213, -0.361613, 0.137519],
            [0.352607, 0.931823, 0.0858781],
            [-0.159198, -0.0307008, 0.986769]
          ],
          [
            [0.92213, -0.361613, 0.137519],
            [0.386589, 0.847486, -0.363754],
            [0.0149931, 0.388592, 0.921288]
          ],
          [
            [0.92213, -0.361613, 0.137519],
            [0.35527, 0.650764, -0.671036],
            [0.153163, 0.667639, 0.72856]
          ]
        ],
        "btipPosition": [26.725, 100.08, 44.4002],
        "carpPosition": [11.6302, 118.88, 184.334],
        "dipPosition": [29.4925, 112.143, 57.5644],
        "direction": [-0.0149931, -0.388592, -0.921288],
        "extended": true,
        "handId": 147,
        "id": 1473,
        "length": 62.3072,
        "mcpPosition": [23.0154, 121.227, 124.883],
        "pipPosition": [29.8941, 122.554, 82.2457],
        "stabilizedTipPosition": [28.4974, 105.891, 48.5264],
        "timeVisible": 0.138675,
        "tipPosition": [27.1643, 102.534, 47.3569],
        "tipVelocity": [0.664283, -6.90825, -9.881],
        "tool": false,
        "touchDistance": 0.679508,
        "touchZone": "hovering",
        "type": 3,
        "width": 17.4819
      }, {
        "bases": [
          [
            [0.819431, -0.513539, 0.254579],
            [0.47018, 0.856266, 0.213868],
            [-0.327817, -0.0555517, 0.943107]
          ],
          [
            [0.84043, -0.50837, 0.187718],
            [0.412587, 0.824825, 0.386569],
            [-0.351354, -0.247434, 0.902954]
          ],
          [
            [0.84043, -0.50837, 0.187718],
            [0.537238, 0.736151, -0.41165],
            [0.0710819, 0.446812, 0.891799]
          ],
          [
            [0.84043, -0.50837, 0.187718],
            [0.360088, 0.264999, -0.89449],
            [0.404986, 0.819351, 0.405771]
          ]
        ],
        "btipPosition": [44.1507, 99.225, 78.2861],
        "carpPosition": [21.8488, 109.758, 185.68],
        "dipPosition": [50.9016, 112.883, 85.05],
        "direction": [-0.0710819, -0.446812, -0.891799],
        "extended": true,
        "handId": 147,
        "id": 1474,
        "length": 48.8477,
        "mcpPosition": [40.2315, 112.873, 132.795],
        "pipPosition": [52.2461, 121.334, 101.918],
        "stabilizedTipPosition": [47.0993, 108.402, 88.1571],
        "timeVisible": 0.138675,
        "tipPosition": [45.6972, 102.909, 81.7833],
        "tipVelocity": [34.549, 0.537077, -188.125],
        "tool": false,
        "touchDistance": 0.687822,
        "touchZone": "hovering",
        "type": 4,
        "width": 15.5288
      }],
      "r": [
        [0.99956, -0.0294514, -0.00360472],
        [0.0295021, 0.999453, 0.0149284],
        [0.00316309, -0.0150281, 0.999882]
      ],
      "s": 0.971233,
      "t": [-1.26709, -5.74822, -0.931733],
      "timestamp": 1508978162391531
    },
    {
      "currentFrameRate": 115.08,
      "devices": [],
      "gestures": [],
      "hands": [{
        "armBasis": [
          [0.987612, -0.112372, -0.10952],
          [0.138245, 0.953306, 0.268507],
          [0.0742331, -0.280322, 0.957031]
        ],
        "armWidth": 61.622,
        "confidence": 0.558666,
        "direction": [0.110563, 0.222348, -0.968678],
        "elbow": [23.1341, 32.5374, 441.542],
        "grabStrength": 0.142415,
        "id": 147,
        "palmNormal": [-0.141953, -0.961128, -0.236817],
        "palmPosition": [1.68037, 114.535, 139.524],
        "palmVelocity": [-16.9631, -24.8315, -13.6495],
        "palmWidth": 87.9942,
        "pinchStrength": 0.123167,
        "r": [
          [0.999097, -0.0413988, 0.00955972],
          [0.0410407, 0.998543, 0.0350283],
          [-0.0109959, -0.0346043, 0.999341]
        ],
        "s": 0.952157,
        "sphereCenter": [24.7289, 40.4434, 101.69],
        "sphereRadius": 89.1054,
        "stabilizedPalmPosition": [3.82231, 120.31, 141.178],
        "t": [-2.52241, -7.43249, -1.92421],
        "timeVisible": 0.19075,
        "type": "right",
        "wrist": [3.75105, 105.732, 191.651]
      }],
      "id": 237306,
      "interactionBox": {
        "center": [0, 200, 0],
        "size": [235.247, 235.247, 147.751]
      },
      "pointables": [{
        "bases": [
          [
            [0.544371, 0.837178, 0.052855],
            [-0.771325, 0.474792, 0.423829],
            [0.329725, -0.271488, 0.904199]
          ],
          [
            [0.48164, 0.870766, -0.0989359],
            [-0.768949, 0.474058, 0.428935],
            [0.420404, -0.130516, 0.897901]
          ],
          [
            [0.48164, 0.870766, -0.0989359],
            [-0.87634, 0.477631, -0.0624242],
            [-0.00710213, 0.116768, 0.993134]
          ],
          [
            [0.48164, 0.870766, -0.0989359],
            [-0.858979, 0.446687, -0.250252],
            [-0.173717, 0.205515, 0.963113]
          ]
        ],
        "btipPosition": [-41.3456, 97.2698, 92.4334],
        "carpPosition": [-25.217, 99.4709, 190.324],
        "dipPosition": [-45.2774, 101.921, 114.232],
        "direction": [0.00710213, -0.116768, -0.993134],
        "extended": false,
        "handId": 147,
        "id": 1470,
        "length": 50.4005,
        "mcpPosition": [-25.217, 99.4709, 190.324],
        "pipPosition": [-45.5116, 105.771, 146.978],
        "stabilizedTipPosition": [-43.1963, 103.837, 103.435],
        "timeVisible": 0.19075,
        "tipPosition": [-43.0128, 98.9852, 97.959],
        "tipVelocity": [21.6038, -38.0084, -43.8109],
        "tool": false,
        "touchDistance": 0.555082,
        "touchZone": "hovering",
        "type": 0,
        "width": 19.5833
      }, {
        "bases": [
          [
            [0.988279, -0.124034, -0.0890013],
            [0.132051, 0.987086, 0.0906822],
            [0.0766043, -0.101372, 0.991895]
          ],
          [
            [0.982498, -0.142462, 0.120008],
            [0.134849, 0.988435, 0.0693713],
            [-0.128503, -0.0519743, 0.990346]
          ],
          [
            [0.982498, -0.142462, 0.120008],
            [0.184341, 0.836149, -0.516598],
            [-0.0267489, 0.529679, 0.847776]
          ],
          [
            [0.982498, -0.142462, 0.120008],
            [0.175022, 0.485539, -0.856516],
            [0.0637522, 0.862529, 0.501975]
          ]
        ],
        "btipPosition": [-14.2554, 101.409, 45.5322],
        "carpPosition": [-13.7161, 118.67, 185.36],
        "dipPosition": [-13.202, 115.66, 53.8264],
        "direction": [0.0267489, -0.529679, -0.847776],
        "extended": true,
        "handId": 147,
        "id": 1471,
        "length": 56.8713,
        "mcpPosition": [-19.1663, 125.882, 114.79],
        "pipPosition": [-13.8272, 128.041, 73.6428],
        "stabilizedTipPosition": [-13.487, 111.459, 63.8699],
        "timeVisible": 0.19075,
        "tipPosition": [-14.3413, 105.268, 49.9309],
        "tipVelocity": [21.7104, 3.02329, -180.258],
        "tool": false,
        "touchDistance": 0.376313,
        "touchZone": "hovering",
        "type": 1,
        "width": 18.7059
      }, {
        "bases": [
          [
            [0.952453, -0.303034, 0.0316793],
            [0.298879, 0.949441, 0.0960848],
            [-0.0591946, -0.082048, 0.994869]
          ],
          [
            [0.940884, -0.310001, 0.136517],
            [0.302065, 0.950255, 0.0759776],
            [-0.15328, -0.0302489, 0.98772]
          ],
          [
            [0.940884, -0.310001, 0.136517],
            [0.338687, 0.854582, -0.393676],
            [0.00537474, 0.41664, 0.909056]
          ],
          [
            [0.940884, -0.310001, 0.136517],
            [0.311744, 0.634844, -0.706958],
            [0.132491, 0.707723, 0.693955]
          ]
        ],
        "btipPosition": [6.68259, 101.518, 33.1198],
        "carpPosition": [-1.90061, 118.891, 183.896],
        "dipPosition": [9.09038, 114.379, 45.7312],
        "direction": [-0.00537474, -0.41664, -0.909056],
        "extended": true,
        "handId": 147,
        "id": 1472,
        "length": 64.8003,
        "mcpPosition": [2.09331, 124.427, 116.771],
        "pipPosition": [9.23819, 125.837, 70.7304],
        "stabilizedTipPosition": [5.83102, 108.609, 37.6395],
        "timeVisible": 0.19075,
        "tipPosition": [6.72424, 104.833, 35.8182],
        "tipVelocity": [14.012, 4.9767, -10.0746],
        "tool": false,
        "touchDistance": 0.494307,
        "touchZone": "hovering",
        "type": 2,
        "width": 18.3717
      }, {
        "bases": [
          [
            [0.908102, -0.38251, 0.170403],
            [0.364125, 0.922265, 0.129768],
            [-0.206794, -0.0557945, 0.976792]
          ],
          [
            [0.912237, -0.381256, 0.14989],
            [0.362167, 0.921557, 0.139881],
            [-0.191462, -0.0733193, 0.978758]
          ],
          [
            [0.912237, -0.381256, 0.14989],
            [0.409658, 0.847364, -0.337869],
            [0.00180345, 0.36962, 0.929181]
          ],
          [
            [0.912237, -0.381256, 0.14989],
            [0.377534, 0.640361, -0.668884],
            [0.159033, 0.666769, 0.728098]
          ]
        ],
        "btipPosition": [27.5448, 100.799, 44.054],
        "carpPosition": [9.66678, 116.2, 183.565],
        "dipPosition": [30.4184, 112.846, 57.2098],
        "direction": [-0.00180345, -0.36962, -0.929181],
        "extended": true,
        "handId": 147,
        "id": 1473,
        "length": 62.3072,
        "mcpPosition": [22.1939, 119.58, 124.393],
        "pipPosition": [30.4667, 122.748, 82.1025],
        "stabilizedTipPosition": [28.4882, 105.85, 48.5049],
        "timeVisible": 0.19075,
        "tipPosition": [27.889, 103.089, 46.911],
        "tipVelocity": [13.2435, 13.4363, -4.1822],
        "tool": false,
        "touchDistance": 0.514091,
        "touchZone": "hovering",
        "type": 3,
        "width": 17.4819
      }, {
        "bases": [
          [
            [0.805334, -0.533488, 0.258511],
            [0.481225, 0.842967, 0.240476],
            [-0.346208, -0.0692613, 0.935598]
          ],
          [
            [0.826232, -0.527823, 0.196834],
            [0.458493, 0.833093, 0.30942],
            [-0.3273, -0.165406, 0.930331]
          ],
          [
            [0.826232, -0.527823, 0.196834],
            [0.562952, 0.786435, -0.254175],
            [-0.0206375, 0.320816, 0.946917]
          ],
          [
            [0.826232, -0.527823, 0.196834],
            [0.508779, 0.549187, -0.662976],
            [0.241835, 0.647917, 0.722302]
          ]
        ],
        "btipPosition": [46.6605, 99.5405, 70.675],
        "carpPosition": [19.6954, 106.869, 184.903],
        "dipPosition": [50.6917, 110.341, 82.7152],
        "direction": [0.0206375, -0.320816, -0.946917],
        "extended": true,
        "handId": 147,
        "id": 1474,
        "length": 48.8477,
        "mcpPosition": [39.1093, 110.753, 132.439],
        "pipPosition": [50.3014, 116.409, 100.626],
        "stabilizedTipPosition": [47.0807, 108.151, 87.6544],
        "timeVisible": 0.19075,
        "tipPosition": [47.0952, 102.162, 75.5796],
        "tipVelocity": [34.0278, -0.487825, -98.3324],
        "tool": false,
        "touchDistance": 0.45666,
        "touchZone": "hovering",
        "type": 4,
        "width": 15.5288
      }],
      "r": [
        [0.999097, -0.0413988, 0.00955972],
        [0.0410407, 0.998543, 0.0350283],
        [-0.0109959, -0.0346043, 0.999341]
      ],
      "s": 0.952157,
      "t": [-2.52241, -7.43249, -1.92421],
      "timestamp": 1508978162443606
    },
    {
      "currentFrameRate": 115.107,
      "devices": [],
      "gestures": [],
      "hands": [{
        "armBasis": [
          [0.985325, -0.135442, -0.103876],
          [0.158519, 0.951784, 0.262639],
          [0.063295, -0.275251, 0.959286]
        ],
        "armWidth": 61.622,
        "confidence": 0.573154,
        "direction": [0.0979805, 0.184031, -0.978025],
        "elbow": [22.7979, 34.2293, 435.279],
        "grabStrength": 0.158321,
        "id": 147,
        "palmNormal": [-0.165366, -0.96608, -0.19835],
        "palmPosition": [3.46246, 113.01, 132.423],
        "palmVelocity": [42.531, 7.41479, -146.101],
        "palmWidth": 87.9942,
        "pinchStrength": 0.110236,
        "r": [
          [0.998166, -0.0595079, 0.0111267],
          [0.0589565, 0.997262, 0.0446307],
          [-0.0137521, -0.0438928, 0.998942]
        ],
        "s": 0.945707,
        "sphereCenter": [25.4512, 35.2454, 97.2519],
        "sphereRadius": 90.7367,
        "stabilizedPalmPosition": [3.5681, 118.931, 140.222],
        "t": [-1.48824, -9.67743, -7.38862],
        "timeVisible": 0.234138,
        "type": "right",
        "wrist": [6.27088, 106.1, 184.8]
      }],
      "id": 237311,
      "interactionBox": {
        "center": [0, 200, 0],
        "size": [235.247, 235.247, 147.751]
      },
      "pointables": [{
        "bases": [
          [
            [0.561921, 0.827098, 0.012409],
            [-0.754071, 0.506025, 0.418706],
            [0.340031, -0.244637, 0.908037]
          ],
          [
            [0.497254, 0.856335, -0.139387],
            [-0.755848, 0.506449, 0.414974],
            [0.425949, -0.100992, 0.899093]
          ],
          [
            [0.497254, 0.856335, -0.139387],
            [-0.86759, 0.491718, -0.0741659],
            [0.0050281, 0.15781, 0.987457]
          ],
          [
            [0.497254, 0.856335, -0.139387],
            [-0.85612, 0.458245, -0.238893],
            [-0.140699, 0.238122, 0.96099]
          ]
        ],
        "btipPosition": [-40.3795, 94.6782, 86.4816],
        "carpPosition": [-22.8359, 100.396, 184.194],
        "dipPosition": [-43.564, 100.068, 108.232],
        "direction": [-0.0050281, -0.15781, -0.987457],
        "extended": false,
        "handId": 147,
        "id": 1470,
        "length": 50.4005,
        "mcpPosition": [-22.8359, 100.396, 184.194],
        "pipPosition": [-43.3982, 105.271, 140.791],
        "stabilizedTipPosition": [-43.1802, 103.761, 103.326],
        "timeVisible": 0.234138,
        "tipPosition": [-41.8259, 96.5303, 91.9671],
        "tipVelocity": [29.6185, -54.0379, -106.916],
        "tool": false,
        "touchDistance": 0.393629,
        "touchZone": "hovering",
        "type": 0,
        "width": 19.5833
      }, {
        "bases": [
          [
            [0.983873, -0.147695, -0.100899],
            [0.153422, 0.986816, 0.0515348],
            [0.0919576, -0.0661839, 0.993561]
          ],
          [
            [0.981131, -0.158333, 0.11096],
            [0.158419, 0.987339, 0.00809395],
            [-0.110837, 0.00963704, 0.993792]
          ],
          [
            [0.981131, -0.158333, 0.11096],
            [0.193216, 0.823726, -0.533051],
            [-0.00700126, 0.544432, 0.838776]
          ],
          [
            [0.981131, -0.158333, 0.11096],
            [0.176635, 0.500662, -0.84743],
            [0.0786227, 0.85104, 0.519182]
          ]
        ],
        "btipPosition": [-14.1135, 96.676, 38.1612],
        "carpPosition": [-11.0406, 119.155, 178.325],
        "dipPosition": [-12.8145, 110.738, 46.7397],
        "direction": [0.00700126, -0.544432, -0.838776],
        "extended": true,
        "handId": 147,
        "id": 1471,
        "length": 56.8713,
        "mcpPosition": [-17.5832, 123.864, 107.636],
        "pipPosition": [-12.9781, 123.464, 66.3457],
        "stabilizedTipPosition": [-13.4886, 111.405, 63.7252],
        "timeVisible": 0.234138,
        "tipPosition": [-14.0825, 100.475, 42.1935],
        "tipVelocity": [2.96869, -133.015, -169.674],
        "tool": false,
        "touchDistance": 0.252965,
        "touchZone": "hovering",
        "type": 1,
        "width": 18.7059
      }, {
        "bases": [
          [
            [0.946584, -0.321329, 0.0269649],
            [0.319531, 0.945947, 0.0555356],
            [-0.0433526, -0.043953, 0.998093]
          ],
          [
            [0.936156, -0.324209, 0.136015],
            [0.320892, 0.945986, 0.0462551],
            [-0.143664, 0.00034406, 0.989626]
          ],
          [
            [0.936156, -0.324209, 0.136015],
            [0.35062, 0.832278, -0.429394],
            [0.0260112, 0.44967, 0.892816]
          ],
          [
            [0.936156, -0.324209, 0.136015],
            [0.31361, 0.595145, -0.739899],
            [0.158933, 0.735317, 0.658824]
          ]
        ],
        "btipPosition": [6.76746, 96.2981, 26.6575],
        "carpPosition": [0.749379, 119.078, 176.655],
        "dipPosition": [9.65579, 109.661, 38.6305],
